     1    14701     1895   0.001
     2    14701     3789   0.002
     3    14701     5683   0.003
     4    14701     7577   0.004
     5    14701     9471   0.005
     6    14701    11365   0.006
     7    14701    13259   0.007
     8    14701    15153   0.008
     9    14701    17047   0.009
    10    14701    18941   0.010
    11    14701    20835   0.011
    12    14701    22729   0.012
    13    14701    24623   0.013
    14    14701    26517   0.014
    15    14701    28411   0.015
    16    14701    30305   0.016
    17    14701    32199   0.017
    18    14701    34093   0.018
    19    14701    35987   0.019
    20    14701    37881   0.020
    21    14701    39775   0.021
    22    14701    41669   0.022
    23    14701    43563   0.023
    24    14701    45457   0.024
    25    14701    47351   0.025
    26    14701    49245   0.026
    27    14701    51139   0.027
    28    14701    53033   0.028
    29    14701    54927   0.029
    30    14701    56821   0.030
    31    14701    58715   0.031
    32    14701    60609   0.032
    33    14701    62503   0.033
    34    14701    64397   0.034
    35    14701    66291   0.035
    36    14701    68185   0.036
    37    14701    70079   0.037
    38    14701    71973   0.038
    39    14701    73867   0.039
    40    14701    75761   0.040
    41    14701    77655   0.041
    42    14701    79549   0.042
    43    14701    81443   0.043
    44    14701    83337   0.044
    45    14701    85231   0.045
    46    14701    87125   0.046
    47    14701    89019   0.047
    48    14701    90913   0.048
    49    14701    92807   0.049
    50    14701    94701   0.050
    51    14701    96595   0.051
