      1000   0.001  0.189E+11 -0.141E+12
      2000   0.001  0.283E+11 -0.159E+12
      3000   0.002  0.394E+11 -0.153E+12
      4000   0.002  0.417E+11 -0.148E+12
      5000   0.003  0.255E+11 -0.150E+12
      6000   0.003  0.956E+10 -0.980E+11
      7000   0.004  0.102E+11 -0.767E+11
      8000   0.004  0.112E+11 -0.994E+11
      9000   0.005  0.147E+11 -0.125E+12
     10000   0.005  0.353E+10 -0.902E+11
     11000   0.006 -0.108E+11 -0.578E+11
     12000   0.006 -0.144E+11 -0.674E+11
     13000   0.007 -0.387E+10 -0.746E+11
     14000   0.007  0.143E+09 -0.766E+11
     15000   0.008 -0.833E+10 -0.712E+11
     16000   0.008 -0.577E+09 -0.678E+11
     17000   0.009 -0.747E+09 -0.765E+11
     18000   0.010 -0.998E+10 -0.590E+11
     19000   0.010 -0.171E+11 -0.417E+11
     20000   0.011 -0.131E+11 -0.460E+11
     21000   0.011 -0.782E+10 -0.496E+11
     22000   0.012 -0.865E+10 -0.529E+11
     23000   0.012 -0.338E+10 -0.561E+11
     24000   0.013 -0.103E+10 -0.610E+11
     25000   0.013 -0.377E+10 -0.666E+11
     26000   0.014 -0.142E+11 -0.467E+11
     27000   0.014 -0.203E+11 -0.320E+11
     28000   0.015 -0.133E+11 -0.397E+11
     29000   0.015 -0.110E+11 -0.394E+11
     30000   0.016 -0.157E+11 -0.335E+11
     31000   0.016 -0.788E+10 -0.446E+11
     32000   0.017  0.529E+09 -0.685E+11
     33000   0.017 -0.373E+10 -0.578E+11
     34000   0.018 -0.172E+11 -0.327E+11
     35000   0.018 -0.227E+11 -0.223E+11
     36000   0.019 -0.150E+11 -0.302E+11
     37000   0.020 -0.137E+11 -0.312E+11
     38000   0.020 -0.689E+10 -0.404E+11
     39000   0.021 -0.618E+10 -0.497E+11
     40000   0.021  0.249E+08 -0.692E+11
     41000   0.022 -0.704E+10 -0.471E+11
     42000   0.022 -0.214E+11 -0.243E+11
     43000   0.023 -0.226E+11 -0.233E+11
     44000   0.023 -0.163E+11 -0.288E+11
     45000   0.024 -0.175E+11 -0.292E+11
     46000   0.024 -0.839E+10 -0.374E+11
     47000   0.025 -0.799E+09 -0.666E+11
     48000   0.025 -0.217E+10 -0.622E+11
     49000   0.026 -0.112E+11 -0.359E+11
     50000   0.026 -0.252E+11 -0.191E+11
     51000   0.027 -0.206E+11 -0.209E+11
     52000   0.027 -0.171E+11 -0.262E+11
     53000   0.028 -0.171E+11 -0.272E+11
     54000   0.029 -0.585E+10 -0.403E+11
     55000   0.029  0.140E+10 -0.718E+11
     56000   0.030 -0.328E+10 -0.514E+11
     57000   0.030 -0.165E+11 -0.248E+11
     58000   0.031 -0.249E+11 -0.172E+11
     59000   0.031 -0.184E+11 -0.207E+11
     60000   0.032 -0.170E+11 -0.252E+11
     61000   0.032 -0.856E+10 -0.275E+11
     62000   0.033 -0.150E+10 -0.620E+11
     63000   0.033  0.226E+09 -0.658E+11
     64000   0.034 -0.586E+10 -0.386E+11
     65000   0.034 -0.240E+11 -0.190E+11
     66000   0.035 -0.209E+11 -0.176E+11
     67000   0.035 -0.172E+11 -0.236E+11
     68000   0.036 -0.169E+11 -0.245E+11
     69000   0.036 -0.575E+10 -0.305E+11
     70000   0.037  0.492E+10 -0.746E+11
     71000   0.037  0.813E+10 -0.616E+11
     72000   0.038 -0.290E+10 -0.467E+11
     73000   0.039 -0.178E+11 -0.365E+11
     74000   0.039 -0.163E+11 -0.308E+11
     75000   0.040 -0.171E+11 -0.308E+11
     76000   0.040 -0.528E+10 -0.374E+11
     77000   0.041  0.111E+10 -0.717E+11
     78000   0.041  0.531E+10 -0.847E+11
     79000   0.042  0.276E+10 -0.566E+11
     80000   0.042 -0.170E+11 -0.397E+11
     81000   0.043 -0.196E+11 -0.332E+11
     82000   0.043 -0.172E+11 -0.353E+11
     83000   0.044 -0.160E+11 -0.377E+11
     84000   0.044 -0.556E+10 -0.400E+11
     85000   0.045  0.306E+10 -0.824E+11
     86000   0.045 -0.735E+09 -0.699E+11
     87000   0.046 -0.889E+10 -0.395E+11
     88000   0.046 -0.236E+11 -0.326E+11
     89000   0.047 -0.179E+11 -0.336E+11
     90000   0.048 -0.167E+11 -0.391E+11
     91000   0.048 -0.602E+10 -0.403E+11
     92000   0.049 -0.383E+10 -0.614E+11
     93000   0.049  0.125E+10 -0.826E+11
     94000   0.050 -0.322E+10 -0.577E+11
     95000   0.050 -0.180E+11 -0.340E+11
     96000   0.051 -0.215E+11 -0.328E+11
     97000   0.051 -0.178E+11 -0.364E+11
     98000   0.052 -0.171E+11 -0.398E+11
